0.805088996887207
0.8406467437744141
0.8045542240142822
0.8151743412017822
0.8011839389801025
0.8172624111175537
0.8198175430297852
0.8179683685302734
0.8238523006439209
0.8182034492492676
0.8027045726776123
0.8157675266265869
0.8045482635498047
0.7988951206207275
0.805304765701294
0.8054478168487549
0.8023803234100342
0.9649510383605957
0.8004617691040039
0.8335800170898438
0.7995955944061279
0.818850040435791
0.7998065948486328
0.8175666332244873
0.8046748638153076
0.8182549476623535
0.8022284507751465
0.7996599674224854
0.8012003898620605
0.8019030094146729
0.8006219863891602
0.8148565292358398
0.8004648685455322
0.8158721923828125
0.8002059459686279
0.8169751167297363
0.8014316558837891
0.8153762817382812
0.7997376918792725
0.8157808780670166
0.7988476753234863
0.8156890869140625
0.7999858856201172
0.8165833950042725
0.7976534366607666
0.8153707981109619
0.79964280128479
0.8166112899780273
0.8003072738647461
0.8174736499786377
0.7976250648498535
0.8002157211303711
0.7989788055419922
0.800370454788208
0.7982761859893799
0.813931941986084
0.8034050464630127
0.8167264461517334
0.7990906238555908
0.8175055980682373
0.8716733455657959
0.809335470199585
0.812110185623169
0.8000345230102539
0.8171145915985107
0.8144571781158447
0.8152737617492676
0.8172183036804199
0.8179237842559814
0.8120815753936768
0.8003895282745361
0.8174903392791748
0.8184521198272705
0.819972038269043
0.8006329536437988
0.8118431568145752
0.8010821342468262
0.8193130493164062
0.800208568572998
0.8202226161956787
0.801255464553833
0.8148970603942871
0.799919605255127
0.8159029483795166
0.7990567684173584
0.8173325061798096
0.8002102375030518
0.8015856742858887
0.8035111427307129
0.8157401084899902
0.7988646030426025
0.8174338340759277
0.8022058010101318
0.8165073394775391
0.8010318279266357
0.8156499862670898
0.8009824752807617
0.816826581954956
0.798459529876709
0.819683313369751
