0.8431491851806641
0.8610970973968506
0.8347842693328857
0.8218214511871338
0.8287980556488037
0.8252136707305908
0.8309445381164551
0.8267560005187988
0.8354449272155762
0.8252303600311279
0.833784818649292
0.8198254108428955
0.8302121162414551
0.8116073608398438
0.8124840259552002
0.8130190372467041
0.8103270530700684
0.9488694667816162
0.8284609317779541
0.8276083469390869
0.8314282894134521
0.8241198062896729
0.8299202919006348
0.84629225730896
0.8352565765380859
0.8235490322113037
0.8310229778289795
0.8166635036468506
0.8175156116485596
0.8148977756500244
0.8098788261413574
0.8188333511352539
0.8303799629211426
0.8276679515838623
0.8271894454956055
0.8230845928192139
0.8269875049591064
0.820946455001831
0.8345484733581543
0.8247690200805664
0.8298990726470947
0.8210599422454834
0.8305325508117676
0.8225934505462646
0.8308348655700684
0.820997953414917
0.8275723457336426
0.8221299648284912
0.8309061527252197
0.8249337673187256
0.8289144039154053
0.8111898899078369
0.8126490116119385
0.8144924640655518
0.8097643852233887
0.8202915191650391
0.8304855823516846
0.8219244480133057
0.8329033851623535
0.8244132995605469
0.8831207752227783
0.8872730731964111
0.8495171070098877
0.8271620273590088
0.8232934474945068
0.8247554302215576
0.8264939785003662
0.8295438289642334
0.8238325119018555
0.8198418617248535
0.8090729713439941
0.8258414268493652
0.829364538192749
0.8328030109405518
0.8340668678283691
0.8291411399841309
0.8391165733337402
0.8232827186584473
0.830268144607544
0.8246452808380127
0.8295879364013672
0.8243880271911621
0.8324828147888184
0.8237802982330322
0.8285024166107178
0.8248729705810547
0.829594612121582
0.8145759105682373
0.8101515769958496
0.8212101459503174
0.8313345909118652
0.8204574584960938
0.8354685306549072
0.8215854167938232
0.8309266567230225
0.825202465057373
0.8319602012634277
0.8261868953704834
0.8279259204864502
0.8245344161987305
